0   2   
0   2   
0
0

0   0   2   
2   0   0   
0   0   0   
0
0

0   0   0   0   
0   2   2   4   
0   2   4   32   
8   8   16   64   
476
476

0   0   0   0   0   
2   0   0   0   0   
0   0   0   0   0   
0   0   0   0   0   
0   0   0   2   0   
0
0

0   0   2   0   0   0   
0   0   0   0   0   0   
0   0   0   0   0   0   
0   0   2   0   0   0   
0   0   0   0   0   0   
0   0   0   0   0   0   
0
0

0   2   0   0   0   0   0   
0   0   0   0   0   0   0   
0   0   0   0   0   0   0   
0   0   0   0   0   0   0   
0   0   0   0   0   0   0   
0   0   0   0   0   0   0   
4   0   0   0   0   0   0   
0
0

0   0   0   0   0   0   2   0   
0   0   0   0   0   0   0   0   
0   0   0   0   0   0   0   0   
0   0   0   0   0   0   0   0   
0   0   0   0   0   0   0   0   
0   0   0   0   0   0   0   0   
0   0   0   0   0   0   2   0   
0   0   0   0   0   0   0   0   
0
0

